object wwGridSelectColumnsForm: TwwGridSelectColumnsForm
  Left = 0
  Top = 0
  Caption = 'Add Selected Columns'
  ClientHeight = 436
  ClientWidth = 364
  FormFactor.Width = 1920
  FormFactor.Height = 1080
  FormFactor.Devices = [dkDesktop]
  DesignerMobile = False
  DesignerWidth = 0
  DesignerHeight = 0
  DesignerDeviceName = ''
  DesignerOrientation = 0
  object TreeView1: TTreeView
    Align = alTop
    Height = 377.000000000000000000
    TabOrder = 0
    Width = 364.000000000000000000
    ShowCheckboxes = True
  end
  object Button1: TButton
    Height = 22.000000000000000000
    ModalResult = 1
    Position.X = 184.000000000000000000
    Position.Y = 392.000000000000000000
    TabOrder = 1
    Text = 'OK'
    Width = 80.000000000000000000
  end
  object CancelButton: TButton
    Height = 22.000000000000000000
    ModalResult = 2
    Position.X = 277.000000000000000000
    Position.Y = 392.000000000000000000
    TabOrder = 2
    Text = 'Cancel'
    Width = 80.000000000000000000
  end
end
